1 2 -60.0
2 1 -60.0
1 3 -60.0
3 1 -60.0
2 4 -60.0
4 2 -60.0
2 5 -60.0
5 2 -60.0
3 6 -60.0
6 3 -60.0
3 7 -60.0
7 3 -60.0
4 8 -60.0
8 4 -60.0
4 9 -60.0
9 4 -60.0
5 10 -60.0
10 5 -60.0
5 11 -60.0
11 5 -60.0
6 12 -60.0
12 6 -60.0
6 13 -60.0
13 6 -60.0
7 14 -60.0
14 7 -60.0
7 15 -60.0
15 7 -60.0
8 16 -60.0
16 8 -60.0
8 17 -60.0
17 8 -60.0
9 18 -60.0
18 9 -60.0
9 19 -60.0
19 9 -60.0
10 20 -60.0
20 10 -60.0
10 21 -60.0
21 10 -60.0
11 22 -60.0
22 11 -60.0
11 23 -60.0
23 11 -60.0
12 24 -60.0
24 12 -60.0
12 25 -60.0
25 12 -60.0
13 26 -60.0
26 13 -60.0
13 27 -60.0
27 13 -60.0
14 28 -60.0
28 14 -60.0
14 29 -60.0
29 14 -60.0
15 30 -60.0
30 15 -60.0
15 31 -60.0
31 15 -60.0
