1 2 -60.0
2 1 -60.0
1 3 -60.0
3 1 -60.0
1 4 -60.0
4 1 -60.0
1 5 -60.0
5 1 -60.0
1 6 -60.0
6 1 -60.0
2 7 -60.0
7 2 -60.0
2 8 -60.0
8 2 -60.0
2 9 -60.0
9 2 -60.0
2 10 -60.0
10 2 -60.0
2 11 -60.0
11 2 -60.0
3 12 -60.0
12 3 -60.0
3 13 -60.0
13 3 -60.0
3 14 -60.0
14 3 -60.0
3 15 -60.0
15 3 -60.0
3 16 -60.0
16 3 -60.0
4 17 -60.0
17 4 -60.0
4 18 -60.0
18 4 -60.0
4 19 -60.0
19 4 -60.0
4 20 -60.0
20 4 -60.0
4 21 -60.0
21 4 -60.0
5 22 -60.0
22 5 -60.0
5 23 -60.0
23 5 -60.0
5 24 -60.0
24 5 -60.0
5 25 -60.0
25 5 -60.0
5 26 -60.0
26 5 -60.0
6 27 -60.0
27 6 -60.0
6 28 -60.0
28 6 -60.0
6 29 -60.0
29 6 -60.0
6 30 -60.0
30 6 -60.0
6 31 -60.0
31 6 -60.0
