1 12 -60.0
12 1 -60.0
1 13 -60.0
13 1 -60.0
1 10 -60.0
10 1 -60.0
12 13 -60.0
13 12 -60.0
10 3 -60.0
3 10 -60.0
10 7 -60.0
7 10 -60.0
3 7 -60.0
7 3 -60.0
7 8 -60.0
8 7 -60.0
7 9 -60.0
9 7 -60.0
8 9 -60.0
9 8 -60.0 
3 11 -60.0
11 3 -60.0
11 12 -60.0
12 11 -60.0 
12 2 -60.0
2 12 -60.0
2 11 -60.0
11 2 -60.0
2 4 -60.0 
4 2 -60.0
4 13 -60.0
13 4 -60.0
4 5 -60.0
5 4 -60.0 
5 13 -60.0
13 5 -60.0
5 6 -60.0
6 5 -60.0
6 13 -60.0 
13 6 -60.0
5 14 -60.0
14 5 -60.0
6 14 -60.0
14 6 -60.0
1 7 -60.0
7 1 -60.0
11 10 -60.0
10 11 -60.0
12 4 -60.0
4 12 -60.0
10 12 -60.0
1 8 -60.0
8 1 -60.0
12 10 -60.0

