1 2 -60.0
2 1 -60.0
1 3 -60.0
3 1 -60.0
1 4 -60.0
4 1 -60.0
2 5 -60.0
5 2 -60.0
2 6 -60.0
6 2 -60.0
2 7 -60.0
7 2 -60.0
3 8 -60.0
8 3 -60.0
3 9 -60.0
9 3 -60.0
3 10 -60.0
10 3 -60.0
4 11 -60.0
11 4 -60.0
4 12 -60.0
12 4 -60.0
4 13 -60.0
13 4 -60.0
5 14 -60.0
14 5 -60.0
5 15 -60.0
15 5 -60.0
5 16 -60.0
16 5 -60.0
6 17 -60.0
17 6 -60.0
6 18 -60.0
18 6 -60.0
6 19 -60.0
19 6 -60.0
7 20 -60.0
20 7 -60.0
7 21 -60.0
21 7 -60.0
7 22 -60.0
22 7 -60.0
8 23 -60.0
23 8 -60.0
8 24 -60.0
24 8 -60.0
8 25 -60.0
25 8 -60.0
9 26 -60.0
26 9 -60.0
9 27 -60.0
27 9 -60.0
9 28 -60.0
28 9 -60.0
10 29 -60.0
29 10 -60.0
10 30 -60.0
30 10 -60.0
10 31 -60.0
31 10 -60.0
11 32 -60.0
32 11 -60.0
11 33 -60.0
33 11 -60.0
11 34 -60.0
34 11 -60.0
12 35 -60.0
35 12 -60.0
12 36 -60.0
36 12 -60.0
12 37 -60.0
37 12 -60.0
13 38 -60.0
38 13 -60.0
13 39 -60.0
39 13 -60.0
13 40 -60.0
40 13 -60.0
