1 2 -60.0
1 3 -60.0
1 4 -60.0
1 5 -60.0
1 6 -60.0
1 7 -60.0
1 8 -60.0
1 9 -60.0
1 10 -60.0
2 1 -60.0
3 1 -60.0
4 1 -60.0
5 1 -60.0
6 1 -60.0
7 1 -60.0
8 1 -60.0
9 1 -60.0
10 1 -60.0
2 3 -60.0
2 4 -60.0
2 5 -60.0
2 6 -60.0
2 7 -60.0
2 8 -60.0
2 9 -60.0
2 10 -60.0
3 2 -60.0
4 2 -60.0
5 2 -60.0
6 2 -60.0
7 2 -60.0
8 2 -60.0
9 2 -60.0
10 2 -60.0
3 4 -60.0
3 5 -60.0
3 6 -60.0
3 7 -60.0
3 8 -60.0
3 9 -60.0
3 10 -60.0
1 9 -60.0
1 10 -60.0
2 1 -60.0
3 1 -60.0
4 1 -60.0
5 1 -60.0
6 1 -60.0
7 1 -60.0
8 1 -60.0
9 1 -60.0
10 1 -60.0
2 3 -60.0
2 4 -60.0
2 5 -60.0
2 6 -60.0
2 7 -60.0
2 8 -60.0
2 9 -60.0
2 10 -60.0
3 2 -60.0
4 2 -60.0
5 2 -60.0
6 2 -60.0
7 2 -60.0
8 2 -60.0
9 2 -60.0
10 2 -60.0
7 11 -60.0 
10 7 -60.0
11 7 -60.0
3 12 -60.0
3 13 -60.0 
12 3 -60.0
13 3 -60.0
2 14 -60.0
14 2 -60.0
