1 2 -60.0
1 3 -60.0
1 4 -60.0
1 5 -60.0
2 1 -60.0
3 1 -60.0
4 1 -60.0
5 1 -60.0
2 3 -60.0
2 4 -60.0
2 5 -60.0
3 2 -60.0
4 2 -60.0
5 2 -60.0
3 4 -60.0
3 5 -60.0
4 3 -60.0
5 3 -60.0
4 5 -60.0
5 4 -60.0
6 5 -60.0
5 6 -60.0
11 12 -60.0
11 13 -60.0
11 14 -60.0
11 10 -60.0
12 11 -60.0
13 11 -60.0
14 11 -60.0
10 11 -60.0
12 13 -60.0
12 14 -60.0
12 10 -60.0
10 12 -60.0
13 12 -60.0
14 12 -60.0
13 14 -60.0
13 10 -60.0
10 13 -60.0
14 13 -60.0
10 14 -60.0
14 10 -60.0
6 13 -60.0
13 6 -60.0
2 7 -60.0
7 2 -60.0
7 11 -60.0
11 7 -60.0
6 8 -60.0
8 6 -60.0
7 9 -60.0
9 7 -60.0


